  0.742878  -0.362987   -0.56247
  0.323856   0.930231   -0.17259
  0.585875 -0.0539457   0.808604

  0.668549   0.094314   0.737663
 -0.106696   0.993828 -0.0303667
 -0.735975 -0.0584041   0.674485

Combined Rotation:
  0.466057 -0.0274987   0.884327
  0.155182   0.986563 -0.0511061
 -0.871039    0.16105   0.464062

Error:
1.09467



  0.601498   0.156477     0.7834
 -0.167183   0.983572 -0.0680955
 -0.781185 -0.0900114   0.617777

  0.838139   0.098857   0.536424
-0.0914466   0.994987 -0.0404838
 -0.537737  -0.015123   0.842977

Combined Rotation:
  0.938959 -0.0178601   0.343565
-0.0364962   0.987845   0.151096
 -0.342088  -0.154412   0.926894

Error:
0.384865



  0.490023   0.159312   0.857028
 -0.180245   0.980429 -0.0791925
 -0.852871  -0.115669   0.509148

  0.838139   0.098857   0.536424
-0.0914466   0.994987 -0.0404838
 -0.537737  -0.015123   0.842977

Combined Rotation:
  0.903987 -0.0378689    0.42588
 -0.049041   0.980313   0.191265
 -0.424738  -0.193786   0.884333

Error:
0.485769



0.0392202  0.216139  0.975574
-0.283911  0.938498 -0.196511
-0.958048 -0.269269 0.0981723

  0.601498  -0.167183  -0.781185
  0.156477   0.983572 -0.0900114
    0.7834 -0.0680955   0.617777

Combined Rotation:
  0.999455 -0.0224945  0.0241763
 0.0232235   0.999271 -0.0303083
-0.0234769  0.0308533   0.999248

Error:
0.0450199



  0.767081   0.109023   0.632219
 -0.115415   0.992828 -0.0311741
 -0.631084 -0.0490543   0.774162

 0.866108 -0.163955 -0.472204
0.0672265  0.974301 -0.214983
 0.495316  0.154454  0.854872

Combined Rotation:
  0.996837   0.043663  0.0663978
-0.0313461   0.983827   -0.17636
-0.0730244   0.173721   0.982084

Error:
0.193309



   0.610199  -0.0946882    -0.78657
   0.065029    0.995468  -0.0693879
   0.789575 -0.00880947    0.613591

  0.490023  -0.180245  -0.852871
  0.159312   0.980429  -0.115669
  0.857028 -0.0791925   0.509148

Combined Rotation:
 0.641239 0.0570337 -0.765219
0.0726591   0.98824  0.134543
 0.763894 -0.141874  0.629554

Error:
0.889866



 0.866108 0.0672265  0.495316
-0.163955  0.974301  0.154454
-0.472204 -0.214983  0.854872

  0.941244  -0.107926  -0.320018
 0.0897153   0.993422 -0.0711581
  0.325592  0.0382667   0.944736

Combined Rotation:
  0.998418 -0.0143764   0.054365
0.00635524   0.989422   0.144929
-0.0558735  -0.144355   0.987947

Error:
0.155764



    0.96052   -0.247472   -0.127117
   0.248554    0.968589 -0.00753347
   0.124988  -0.0243594    0.991859

  0.668549  -0.106696  -0.735975
  0.094314   0.993828 -0.0584041
  0.737663 -0.0303667   0.674485

  0.490023  -0.180245  -0.852871
  0.159312   0.980429  -0.115669
  0.857028 -0.0791925   0.509148

-0.0560845  -0.186559  -0.980842
  0.171667   0.965956  -0.193543
  0.983557  -0.179233 -0.0221492

  0.717398   -0.14299  -0.681832
  0.132141   0.988872  -0.068347
  0.684017 -0.0410658   0.728309

Combined Rotation:
  0.620249 -0.0307008   0.783804
 -0.172525   0.969426   0.174496
 -0.765197  -0.243457   0.595989

Error:
0.936226



0.0392202  0.216139  0.975574
-0.283911  0.938498 -0.196511
-0.958048 -0.269269 0.0981723

  0.838139   0.098857   0.536424
-0.0914466   0.994987 -0.0404838
 -0.537737  -0.015123   0.842977

Combined Rotation:
 0.801746 -0.102107  0.588878
-0.110152  0.943175  0.313509
-0.587427 -0.316221  0.744939

Error:
0.730367



   0.610199  -0.0946882    -0.78657
   0.065029    0.995468  -0.0693879
   0.789575 -0.00880947    0.613591

    0.99919 -0.00420653   0.0400135
 0.00345963    0.999819   0.0187172
  -0.040085  -0.0185636    0.999024

Combined Rotation:
  0.919843 0.00192023  -0.392282
-0.0101324   0.999771 -0.0188651
  0.392156  0.0213276   0.919651

Error:
0.403652



 0.201417  0.143831  0.968888
-0.201788  0.974036 -0.102647
-0.958495 -0.174835  0.225211

  0.601498   0.156477     0.7834
 -0.167183   0.983572 -0.0680955
 -0.781185 -0.0900114   0.617777

    0.99919 -0.00420653   0.0400135
 0.00345963    0.999819   0.0187172
  -0.040085  -0.0185636    0.999024

 0.245802 -0.600501 -0.760907
 0.384564  0.780982 -0.492115
 0.889771 -0.171654  0.422898

Combined Rotation:
 0.615506  0.271131  0.740027
 0.111936  0.899371 -0.422613
-0.780143  0.342956  0.523219

Error:
1.02506



 0.245802  0.384564  0.889771
-0.600501  0.780982 -0.171654
-0.760907 -0.492115  0.422898

    0.99919  0.00345963   -0.040085
-0.00420653    0.999819  -0.0185636
  0.0400135   0.0187172    0.999024

  0.767081  -0.115415  -0.631084
  0.109023   0.992828 -0.0490543
  0.632219 -0.0311741   0.774162

Combined Rotation:
  0.736631   0.314832  -0.598544
 -0.246031   0.949144   0.196456
  0.629955 0.00254478   0.776627

Error:
0.750715



  0.948445 -0.0353955  -0.314958
 0.0202853   0.998486 -0.0511258
  0.316291   0.042101   0.947728

  0.903069  0.0617867   0.425028
-0.0603285   0.998035 -0.0169037
 -0.425238 -0.0103761   0.905022

Combined Rotation:
   0.999843  0.00153604  -0.0176275
-0.00182685    0.999862  -0.0164931
  0.0175997   0.0165227    0.999709

Error:
0.0242011



   0.610199  -0.0946882    -0.78657
   0.065029    0.995468  -0.0693879
   0.789575 -0.00880947    0.613591

0.0392202 -0.283911 -0.958048
 0.216139  0.938498 -0.269269
 0.975574 -0.196511 0.0981723

Combined Rotation:
   0.998409  -0.0561595 -0.00513316
  0.0556933    0.996217  -0.0667028
 0.00885974   0.0663108     0.99776

Error:
0.087288



  0.767081   0.109023   0.632219
 -0.115415   0.992828 -0.0311741
 -0.631084 -0.0490543   0.774162

  0.838139   0.098857   0.536424
-0.0914466   0.994987 -0.0404838
 -0.537737  -0.015123   0.842977

Combined Rotation:
    0.95602   -0.024643    0.292264
2.62772e-06    0.996465   0.0840107
  -0.293301  -0.0803152     0.95264

Error:
0.309248



  0.727686   0.122409     0.6749
 -0.119655   0.991514 -0.0508197
 -0.675393 -0.0437747   0.736157

  0.767081  -0.115415  -0.631084
  0.109023   0.992828 -0.0490543
  0.632219 -0.0311741   0.774162

Combined Rotation:
    0.99653 -0.00500322  -0.0830877
 0.00603513    0.999908    0.012173
  0.0830191  -0.0126322    0.996468

Error:
0.0842552



 -0.511675 0.00678906   0.859152
 -0.123291   0.989039 -0.0812425
 -0.850287  -0.147496  -0.505229

 0.118374  0.168685  0.978536
-0.200457  0.969235 -0.142832
-0.972525 -0.179247  0.148547

  0.903069  0.0617867   0.425028
-0.0603285   0.998035 -0.0169037
 -0.425238 -0.0103761   0.905022

 -0.183175  -0.343154  -0.921245
  0.318221    0.86595  -0.385831
  0.930152  -0.363834 -0.0494217

Combined Rotation:
  0.271252   0.141972    0.95198
-0.0585221   0.989665  -0.130917
 -0.960728 -0.0202005   0.276757

Error:
1.29861



  0.742878  -0.362987   -0.56247
  0.323856   0.930231   -0.17259
  0.585875 -0.0539457   0.808604

    0.99919 -0.00420653   0.0400135
 0.00345963    0.999819   0.0187172
  -0.040085  -0.0185636    0.999024

Combined Rotation:
   0.994842  0.00836716    0.101095
-0.00310838    0.998639  -0.0520641
  -0.101393   0.0514813    0.993514

Error:
0.114106



 -0.511675 0.00678906   0.859152
 -0.123291   0.989039 -0.0812425
 -0.850287  -0.147496  -0.505229

 0.118374  0.168685  0.978536
-0.200457  0.969235 -0.142832
-0.972525 -0.179247  0.148547

    0.99919 -0.00420653   0.0400135
 0.00345963    0.999819   0.0187172
  -0.040085  -0.0185636    0.999024

 0.245802 -0.600501 -0.760907
 0.384564  0.780982 -0.492115
 0.889771 -0.171654  0.422898

Combined Rotation:
 -0.187444   0.363026   0.912731
0.00941453   0.929822   -0.36789
  -0.98223 -0.0603658  -0.177707

Error:
1.79022



  0.999714 0.00981573  0.0217997
-0.0100608   0.999887  0.0111602
-0.0216877 -0.0113764     0.9997

  0.903069  0.0617867   0.425028
-0.0603285   0.998035 -0.0169037
 -0.425238 -0.0103761   0.905022

Combined Rotation:
   0.993315  0.00830228    0.115133
-0.00762301    0.999951 -0.00633888
   -0.11518  0.00541885     0.99333

Error:
0.11584



    0.99919  0.00345963   -0.040085
-0.00420653    0.999819  -0.0185636
  0.0400135   0.0187172    0.999024

  0.838139   0.098857   0.536424
-0.0914466   0.994987 -0.0404838
 -0.537737  -0.015123   0.842977

Combined Rotation:
    0.999973  0.000866919   0.00728043
-0.000898169      0.99999   0.00429019
 -0.00727664  -0.00429662     0.999964

Error:
0.00849653



     0.8642    -0.45016   -0.224755
    0.43745    0.892925   -0.106403
   0.248588 -0.00636563    0.968588

  0.668549   0.094314   0.737663
 -0.106696   0.993828 -0.0303667
 -0.735975 -0.0584041   0.674485

 -0.183219   0.212723   0.959781
-0.0534649   0.972707  -0.225794
 -0.981617 -0.0926844  -0.166845

Combined Rotation:
 -0.12096 -0.151622  0.981009
-0.330386  0.938071  0.104249
-0.936063 -0.311502 -0.163563

Error:
1.7449



 0.866108 0.0672265  0.495316
-0.163955  0.974301  0.154454
-0.472204 -0.214983  0.854872

  0.838139   0.098857   0.536424
-0.0914466   0.994987 -0.0404838
 -0.537737  -0.015123   0.842977

Combined Rotation:
  0.989427   0.136697 -0.0484488
 -0.131375   0.986292  0.0998408
 0.0614326 -0.0924203   0.993823

Error:
0.174742



 -0.183175   0.318221   0.930152
 -0.343154    0.86595  -0.363834
 -0.921245  -0.385831 -0.0494217

  0.903069 -0.0603285  -0.425238
 0.0617867   0.998035 -0.0103761
  0.425028 -0.0169037   0.905022

  0.767081  -0.115415  -0.631084
  0.109023   0.992828 -0.0490543
  0.632219 -0.0311741   0.774162

Combined Rotation:
  0.954216 -0.0236073  -0.298186
 0.0326219   0.999148  0.0252901
  0.297335 -0.0338597   0.954173

Error:
0.305263



  0.601498   0.156477     0.7834
 -0.167183   0.983572 -0.0680955
 -0.781185 -0.0900114   0.617777

  0.903069  0.0617867   0.425028
-0.0603285   0.998035 -0.0169037
 -0.425238 -0.0103761   0.905022

Combined Rotation:
   0.994461   0.0139275    0.104177
 -0.0144218    0.999888  0.00399249
   -0.10411 -0.00547279    0.994551

Error:
0.105405



-0.0560845   0.171667   0.983557
 -0.186559   0.965956  -0.179233
 -0.980842  -0.193543 -0.0221492

  0.490023   0.159312   0.857028
 -0.180245   0.980429 -0.0791925
 -0.852871  -0.115669   0.509148

    0.99919 -0.00420653   0.0400135
 0.00345963    0.999819   0.0187172
  -0.040085  -0.0185636    0.999024

 0.245802 -0.600501 -0.760907
 0.384564  0.780982 -0.492115
 0.889771 -0.171654  0.422898

Combined Rotation:
 0.952413 0.0462497  0.301281
0.0888755  0.903336 -0.419625
-0.291566  0.426433  0.856238

Error:
0.543327



  0.606834  -0.144698  -0.781547
  0.139008   0.987456 -0.0748875
  0.782579 -0.0631965   0.619336

  0.838139 -0.0914466  -0.537737
  0.098857   0.994987  -0.015123
  0.536424 -0.0404838   0.842977

    0.99919 -0.00420653   0.0400135
 0.00345963    0.999819   0.0187172
  -0.040085  -0.0185636    0.999024

Combined Rotation:
   0.916276 -0.00224401   -0.400542
  0.0284051    0.997831    0.059389
    0.39954  -0.0657941    0.914352

Error:
0.417195



  0.727686   0.122409     0.6749
 -0.119655   0.991514 -0.0508197
 -0.675393 -0.0437747   0.736157

  0.903069  0.0617867   0.425028
-0.0603285   0.998035 -0.0169037
 -0.425238 -0.0103761   0.905022

Combined Rotation:
  0.996242  0.0742866  0.0445416
-0.0756544   0.996687  0.0298495
-0.0421767 -0.0331071   0.998561

Error:
0.0922801



  0.07626  0.130476  0.988514
-0.139863  0.982999 -0.118958
 -0.98723 -0.129184 0.0932122

   0.969218   -0.166563   -0.181312
    0.16452    0.986021  -0.0263599
   0.183168 -0.00428091    0.983072

Combined Rotation:
   0.594348   0.0123484    0.804113
 -0.0110173    0.999913 -0.00721191
  -0.804132 -0.00457278    0.594433

Error:
0.934343



   0.610199  -0.0946882    -0.78657
   0.065029    0.995468  -0.0693879
   0.789575 -0.00880947    0.613591

  0.601498  -0.167183  -0.781185
  0.156477   0.983572 -0.0900114
    0.7834 -0.0680955   0.617777

Combined Rotation:
   0.88219  0.0118069  -0.470746
-0.0367102   0.998368 -0.0437554
  0.469461  0.0558817   0.881183

Error:
0.493099



  0.727686   0.122409     0.6749
 -0.119655   0.991514 -0.0508197
 -0.675393 -0.0437747   0.736157

  0.999714 -0.0100608 -0.0216877
0.00981573   0.999887 -0.0113764
 0.0217997  0.0111602     0.9997

Combined Rotation:
  0.798822  0.0480816   0.599642
-0.0454614   0.998775 -0.0195235
 -0.599847 -0.0116647    0.80003

Error:
0.645476



0.0392202  0.216139  0.975574
-0.283911  0.938498 -0.196511
-0.958048 -0.269269 0.0981723

  0.941244  -0.107926  -0.320018
 0.0897153   0.993422 -0.0711581
  0.325592  0.0382667   0.944736

Combined Rotation:
  0.957093 -0.0368006   0.287436
 0.0296582   0.999135  0.0291652
 -0.288261 -0.0193889   0.957356

Error:
0.295037



     0.8642    -0.45016   -0.224755
    0.43745    0.892925   -0.106403
   0.248588 -0.00636563    0.968588

  0.999714 -0.0100608 -0.0216877
0.00981573   0.999887 -0.0113764
 0.0217997  0.0111602     0.9997

Combined Rotation:
  0.996387  0.0632689 -0.0566648
-0.0657617   0.996897 -0.0432628
 0.0537517  0.0468329   0.997455

Error:
0.0962709



  0.941244  0.0897153   0.325592
 -0.107926   0.993422  0.0382667
 -0.320018 -0.0711581   0.944736

  0.948445  0.0202853   0.316291
-0.0353955   0.998486   0.042101
 -0.314958 -0.0511258   0.947728

Combined Rotation:
  0.888544 -0.0320149   0.457673
0.00626543   0.998316  0.0576696
 -0.458749 -0.0483745   0.887248

Error:
0.479872



    0.96052   -0.247472   -0.127117
   0.248554    0.968589 -0.00753347
   0.124988  -0.0243594    0.991859

  0.668549  -0.106696  -0.735975
  0.094314   0.993828 -0.0584041
  0.737663 -0.0303667   0.674485

  0.490023  -0.180245  -0.852871
  0.159312   0.980429  -0.115669
  0.857028 -0.0791925   0.509148

-0.0560845  -0.186559  -0.980842
  0.171667   0.965956  -0.193543
  0.983557  -0.179233 -0.0221492

  0.07626 -0.139863  -0.98723
 0.130476  0.982999 -0.129184
 0.988514 -0.118958 0.0932122

Combined Rotation:
  0.834313  -0.106126    0.54098
0.00142959   0.981709   0.190381
  -0.55129  -0.158064   0.819204

Error:
0.613544



  0.601498   0.156477     0.7834
 -0.167183   0.983572 -0.0680955
 -0.781185 -0.0900114   0.617777

    0.99919 -0.00420653   0.0400135
 0.00345963    0.999819   0.0187172
  -0.040085  -0.0185636    0.999024

Combined Rotation:
  0.976076 0.00728972  -0.217309
-0.0106567   0.999841 -0.0143261
   0.21717  0.0162992   0.975998

Error:
0.219727



  0.999714 0.00981573  0.0217997
-0.0100608   0.999887  0.0111602
-0.0216877 -0.0113764     0.9997

    0.99919 -0.00420653   0.0400135
 0.00345963    0.999819   0.0187172
  -0.040085  -0.0185636    0.999024

Combined Rotation:
    0.999888  0.000296331   -0.0149564
-0.000465228     0.999936   -0.0112904
   0.0149521    0.0112961     0.999824

Error:
0.0187445



  0.606834  -0.144698  -0.781547
  0.139008   0.987456 -0.0748875
  0.782579 -0.0631965   0.619336

  0.838139 -0.0914466  -0.537737
  0.098857   0.994987  -0.015123
  0.536424 -0.0404838   0.842977

  0.490023  -0.180245  -0.852871
  0.159312   0.980429  -0.115669
  0.857028 -0.0791925   0.509148

-0.0560845  -0.186559  -0.980842
  0.171667   0.965956  -0.193543
  0.983557  -0.179233 -0.0221492

  0.07626 -0.139863  -0.98723
 0.130476  0.982999 -0.129184
 0.988514 -0.118958 0.0932122

Combined Rotation:
  0.918155  0.0262336  -0.395353
-0.0277061   0.999614 0.00198564
  0.395253 0.00913054   0.918527

Error:
0.407416



 -0.511675 0.00678906   0.859152
 -0.123291   0.989039 -0.0812425
 -0.850287  -0.147496  -0.505229

 0.118374  0.168685  0.978536
-0.200457  0.969235 -0.142832
-0.972525 -0.179247  0.148547

  0.601498  -0.167183  -0.781185
  0.156477   0.983572 -0.0900114
    0.7834 -0.0680955   0.617777

 0.201417 -0.201788 -0.958495
 0.143831  0.974036 -0.174835
 0.968888 -0.102647  0.225211

Combined Rotation:
  0.837334 -0.0488551   0.544505
0.00406875   0.996528  0.0831556
 -0.546677 -0.0674135   0.834626

Error:
0.584036



  0.941244  0.0897153   0.325592
 -0.107926   0.993422  0.0382667
 -0.320018 -0.0711581   0.944736

  0.668549   0.094314   0.737663
 -0.106696   0.993828 -0.0303667
 -0.735975 -0.0584041   0.674485

Combined Rotation:
  0.906963 0.00196163   0.421206
-0.0374023   0.996414   0.075896
 -0.419547  -0.084589   0.903784

Error:
0.442742



 0.245802  0.384564  0.889771
-0.600501  0.780982 -0.171654
-0.760907 -0.492115  0.422898

    0.99919  0.00345963   -0.040085
-0.00420653    0.999819  -0.0185636
  0.0400135   0.0187172    0.999024

  0.727686  -0.119655  -0.675393
  0.122409   0.991514 -0.0437747
    0.6749 -0.0508197   0.736157

Combined Rotation:
 0.588832  0.313464 -0.744995
-0.213431  0.949318  0.230742
 0.779567 0.0231366  0.625892

Error:
0.949585



 0.866108 0.0672265  0.495316
-0.163955  0.974301  0.154454
-0.472204 -0.214983  0.854872

  0.999714 -0.0100608 -0.0216877
0.00981573   0.999887 -0.0113764
 0.0217997  0.0111602     0.9997

Combined Rotation:
  0.996275  0.0584232 -0.0634257
-0.0481043   0.986974    0.15352
 0.0715686  -0.149897   0.986108

Error:
0.175276



  0.601498   0.156477     0.7834
 -0.167183   0.983572 -0.0680955
 -0.781185 -0.0900114   0.617777

  0.941244  -0.107926  -0.320018
 0.0897153   0.993422 -0.0711581
  0.325592  0.0382667   0.944736

Combined Rotation:
   0.999882  0.00208285  -0.0152281
-0.00192025    0.999941   0.0106845
  0.0152494   -0.010654    0.999827

Error:
0.018711



  0.601498   0.156477     0.7834
 -0.167183   0.983572 -0.0680955
 -0.781185 -0.0900114   0.617777

  0.999714 -0.0100608 -0.0216877
0.00981573   0.999887 -0.0113764
 0.0217997  0.0111602     0.9997

Combined Rotation:
   0.999683  0.00651397  -0.0243028
-0.00607845     0.99982   0.0179516
  0.0244154  -0.0177982    0.999543

Error:
0.0308678



  0.601498   0.156477     0.7834
 -0.167183   0.983572 -0.0680955
 -0.781185 -0.0900114   0.617777

  0.727686  -0.119655  -0.675393
  0.122409   0.991514 -0.0437747
    0.6749 -0.0508197   0.736157

Combined Rotation:
    0.999999  0.000523754  -0.00151563
-0.000520257     0.999997   0.00230667
  0.00151684  -0.00230588     0.999996

Error:
0.00280898



  0.948445 -0.0353955  -0.314958
 0.0202853   0.998486 -0.0511258
  0.316291   0.042101   0.947728

  0.668549   0.094314   0.737663
 -0.106696   0.993828 -0.0303667
 -0.735975 -0.0584041   0.674485

Combined Rotation:
   0.998893  -0.0215597  -0.0418181
  0.0218488     0.99974  0.00646828
  0.0416678 -0.00737479    0.999104

Error:
0.0475727



0.0392202  0.216139  0.975574
-0.283911  0.938498 -0.196511
-0.958048 -0.269269 0.0981723

  0.727686  -0.119655  -0.675393
  0.122409   0.991514 -0.0437747
    0.6749 -0.0508197   0.736157

Combined Rotation:
   0.999026  -0.0262701   0.0354595
  0.0263293    0.999653 -0.00120298
 -0.0354156  0.00213544     0.99937

Error:
0.0441764



0.0392202  0.216139  0.975574
-0.283911  0.938498 -0.196511
-0.958048 -0.269269 0.0981723

  0.999714 -0.0100608 -0.0216877
0.00981573   0.999887 -0.0113764
 0.0217997  0.0111602     0.9997

Combined Rotation:
  0.995667 -0.0212855  0.0905217
 0.0225303   0.999665  -0.012752
-0.0902199  0.0147362   0.995813

Error:
0.0941376



0.0392202  0.216139  0.975574
-0.283911  0.938498 -0.196511
-0.958048 -0.269269 0.0981723

 0.866108 -0.163955 -0.472204
0.0672265  0.974301 -0.214983
 0.495316  0.154454  0.854872

Combined Rotation:
  0.783886   0.150965   0.602273
 -0.115245   0.988513 -0.0977825
 -0.610116  0.0072413   0.792279

Error:
0.672385



0.0392202  0.216139  0.975574
-0.283911  0.938498 -0.196511
-0.958048 -0.269269 0.0981723

  0.948445  0.0202853   0.316291
-0.0353955   0.998486   0.042101
 -0.314958 -0.0511258   0.947728

Combined Rotation:
  0.978012 0.00449153   0.208502
-0.0130141   0.999134  0.0395212
 -0.208144 -0.0413657   0.977223

Error:
0.214023



  0.606834  -0.144698  -0.781547
  0.139008   0.987456 -0.0748875
  0.782579 -0.0631965   0.619336

  0.838139 -0.0914466  -0.537737
  0.098857   0.994987  -0.015123
  0.536424 -0.0404838   0.842977

  0.999714 -0.0100608 -0.0216877
0.00981573   0.999887 -0.0113764
 0.0217997  0.0111602     0.9997

Combined Rotation:
 0.796764 0.0226089 -0.603868
0.0557498  0.992288   0.11071
 0.601714 -0.121875  0.789359

Error:
0.661283



    0.99919  0.00345963   -0.040085
-0.00420653    0.999819  -0.0185636
  0.0400135   0.0187172    0.999024

  0.948445  0.0202853   0.316291
-0.0353955   0.998486   0.042101
 -0.314958 -0.0511258   0.947728

Combined Rotation:
    0.988596 -0.000834948     0.150587
 -0.00211127     0.999809    0.0194039
   -0.150575   -0.0195005     0.988406

Error:
0.152423



    0.96052   -0.247472   -0.127117
   0.248554    0.968589 -0.00753347
   0.124988  -0.0243594    0.991859

  0.668549  -0.106696  -0.735975
  0.094314   0.993828 -0.0584041
  0.737663 -0.0303667   0.674485

  0.838139   0.098857   0.536424
-0.0914466   0.994987 -0.0404838
 -0.537737  -0.015123   0.842977

Combined Rotation:
 0.802984  0.094552  0.588453
0.0103475  0.984975 -0.172385
-0.595911  0.144511  0.789941

Error:
0.661698



-0.0560845   0.171667   0.983557
 -0.186559   0.965956  -0.179233
 -0.980842  -0.193543 -0.0221492

  0.490023   0.159312   0.857028
 -0.180245   0.980429 -0.0791925
 -0.852871  -0.115669   0.509148

  0.903069  0.0617867   0.425028
-0.0603285   0.998035 -0.0169037
 -0.425238 -0.0103761   0.905022

 -0.183175  -0.343154  -0.921245
  0.318221    0.86595  -0.385831
  0.930152  -0.363834 -0.0494217

Combined Rotation:
  0.733896   0.124142   0.667821
0.00941573   0.981204  -0.192744
 -0.679197   0.147742   0.718933

Error:
0.771284



  0.727686   0.122409     0.6749
 -0.119655   0.991514 -0.0508197
 -0.675393 -0.0437747   0.736157

 0.866108 -0.163955 -0.472204
0.0672265  0.974301 -0.214983
 0.495316  0.154454  0.854872

Combined Rotation:
  0.998904  0.0197211  -0.042442
-0.0264693   0.985966  -0.164836
 0.0385956   0.165779   0.985407

Error:
0.172617



  0.999714 0.00981573  0.0217997
-0.0100608   0.999887  0.0111602
-0.0216877 -0.0113764     0.9997

  0.838139   0.098857   0.536424
-0.0914466   0.994987 -0.0404838
 -0.537737  -0.015123   0.842977

Combined Rotation:
   0.999057 -0.00620494  -0.0429805
 0.00572363     0.99992  -0.0113124
  0.0430472   0.0110557    0.999012

Error:
0.0448575



    0.99919  0.00345963   -0.040085
-0.00420653    0.999819  -0.0185636
  0.0400135   0.0187172    0.999024

  0.903069  0.0617867   0.425028
-0.0603285   0.998035 -0.0169037
 -0.425238 -0.0103761   0.905022

Combined Rotation:
    0.98958   0.0114708    0.143529
 -0.0122229    0.999916  0.00435936
  -0.143467 -0.00606827    0.989636

Error:
0.144584



  0.490023   0.159312   0.857028
 -0.180245   0.980429 -0.0791925
 -0.852871  -0.115669   0.509148

  0.941244  -0.107926  -0.320018
 0.0897153   0.993422 -0.0711581
  0.325592  0.0382667   0.944736

Combined Rotation:
  0.954768 -0.0208708  -0.296618
0.00851127   0.999043 -0.0428987
  0.297229  0.0384337   0.954032

Error:
0.30475



0.0392202  0.216139  0.975574
-0.283911  0.938498 -0.196511
-0.958048 -0.269269 0.0981723

  0.903069  0.0617867   0.425028
-0.0603285   0.998035 -0.0169037
 -0.425238 -0.0103761   0.905022

Combined Rotation:
    0.8594 -0.0490194  -0.508948
-0.0604587   0.978668   -0.19635
  0.507716   0.199514   0.838104

Error:
0.57703



0.0392202  0.216139  0.975574
-0.283911  0.938498 -0.196511
-0.958048 -0.269269 0.0981723

  0.767081  -0.115415  -0.631084
  0.109023   0.992828 -0.0490543
  0.632219 -0.0311741   0.774162

Combined Rotation:
    0.97403   0.0189953   -0.225622
 -0.0177576    0.999814  0.00751421
   0.225723 -0.00331256    0.974186

Error:
0.228466



  0.490023   0.159312   0.857028
 -0.180245   0.980429 -0.0791925
 -0.852871  -0.115669   0.509148

  0.727686  -0.119655  -0.675393
  0.122409   0.991514 -0.0437747
    0.6749 -0.0508197   0.736157

Combined Rotation:
   0.999579  0.00344773  -0.0288137
-0.00360211    0.999979 -0.00530757
  0.0287948  0.00540913    0.999571

Error:
0.029514



  0.490023   0.159312   0.857028
 -0.180245   0.980429 -0.0791925
 -0.852871  -0.115669   0.509148

  0.999714 -0.0100608 -0.0216877
0.00981573   0.999887 -0.0113764
 0.0217997  0.0111602     0.9997

Combined Rotation:
  0.945612 -0.0225442   0.324515
0.00555021   0.998569  0.0531981
  -0.32525 -0.0485036   0.944383

Error:
0.33539



  0.903069 -0.0603285  -0.425238
 0.0617867   0.998035 -0.0103761
  0.425028 -0.0169037   0.905022

  0.668549   0.094314   0.737663
 -0.106696   0.993828 -0.0303667
 -0.735975 -0.0584041   0.674485

Combined Rotation:
   0.989177  -0.0122171   -0.146217
  0.0114775    0.999917 -0.00590061
   0.146277  0.00415854    0.989235

Error:
0.147345



 -0.183175   0.318221   0.930152
 -0.343154    0.86595  -0.363834
 -0.921245  -0.385831 -0.0494217

  0.903069 -0.0603285  -0.425238
 0.0617867   0.998035 -0.0103761
  0.425028 -0.0169037   0.905022

  0.941244  -0.107926  -0.320018
 0.0897153   0.993422 -0.0711581
  0.325592  0.0382667   0.944736

Combined Rotation:
   0.996958  -0.0634233   0.0453062
  0.0629682     0.99795   0.0114035
 -0.0459366 -0.00851598    0.998908

Error:
0.0786572



 -0.183175   0.318221   0.930152
 -0.343154    0.86595  -0.363834
 -0.921245  -0.385831 -0.0494217

  0.903069 -0.0603285  -0.425238
 0.0617867   0.998035 -0.0103761
  0.425028 -0.0169037   0.905022

  0.999714 -0.0100608 -0.0216877
0.00981573   0.999887 -0.0113764
 0.0217997  0.0111602     0.9997

Combined Rotation:
  0.958033 -0.0717658    0.27753
 0.0381538   0.991464   0.124673
 -0.284108  -0.108852   0.952593

Error:
0.314197



 0.245802  0.384564  0.889771
-0.600501  0.780982 -0.171654
-0.760907 -0.492115  0.422898

    0.99919  0.00345963   -0.040085
-0.00420653    0.999819  -0.0185636
  0.0400135   0.0187172    0.999024

  0.903069  0.0617867   0.425028
-0.0603285   0.998035 -0.0169037
 -0.425238 -0.0103761   0.905022

 -0.183175  -0.343154  -0.921245
  0.318221    0.86595  -0.385831
  0.930152  -0.363834 -0.0494217

Combined Rotation:
  0.960116  0.0944419   -0.26317
-0.0387994   0.977124   0.209103
  0.276897  -0.190552   0.941816

Error:
0.349547



  0.767081   0.109023   0.632219
 -0.115415   0.992828 -0.0311741
 -0.631084 -0.0490543   0.774162

    0.99919 -0.00420653   0.0400135
 0.00345963    0.999819   0.0187172
  -0.040085  -0.0185636    0.999024

Combined Rotation:
  0.838892 0.00566933   0.544269
-0.0215561   0.999507  0.0228136
 -0.543871 -0.0308704   0.838601

Error:
0.576272



  0.742878  -0.362987   -0.56247
  0.323856   0.930231   -0.17259
  0.585875 -0.0539457   0.808604

  0.490023  -0.180245  -0.852871
  0.159312   0.980429  -0.115669
  0.857028 -0.0791925   0.509148

-0.0560845  -0.186559  -0.980842
  0.171667   0.965956  -0.193543
  0.983557  -0.179233 -0.0221492

  0.07626 -0.139863  -0.98723
 0.130476  0.982999 -0.129184
 0.988514 -0.118958 0.0932122

Combined Rotation:
   0.85662 -0.0701857   0.511151
 -0.106495   0.945319   0.308272
 -0.504837  -0.318507   0.802305

Error:
0.639956



   0.610199  -0.0946882    -0.78657
   0.065029    0.995468  -0.0693879
   0.789575 -0.00880947    0.613591

  0.838139   0.098857   0.536424
-0.0914466   0.994987 -0.0404838
 -0.537737  -0.015123   0.842977

Combined Rotation:
   0.92506 -0.0373673   -0.37798
  0.018121   0.998358 -0.0543493
   0.37939   0.043427   0.924217

Error:
0.392862



   0.51971   0.223036   0.824716
 -0.184009   0.971888  -0.146881
 -0.834291 -0.0754191   0.546141

 0.201417  0.143831  0.968888
-0.201788  0.974036 -0.102647
-0.958495 -0.174835  0.225211

  0.601498   0.156477     0.7834
 -0.167183   0.983572 -0.0680955
 -0.781185 -0.0900114   0.617777

  0.490023  -0.180245  -0.852871
  0.159312   0.980429  -0.115669
  0.857028 -0.0791925   0.509148

-0.0560845  -0.186559  -0.980842
  0.171667   0.965956  -0.193543
  0.983557  -0.179233 -0.0221492

Combined Rotation:
  0.288125 -0.0640777  -0.955446
-0.0543178   0.995059 -0.0831144
  0.956051  0.0758451   0.283221

Error:
1.28366



   0.610199  -0.0946882    -0.78657
   0.065029    0.995468  -0.0693879
   0.789575 -0.00880947    0.613591

  0.903069  0.0617867   0.425028
-0.0603285   0.998035 -0.0169037
 -0.425238 -0.0103761   0.905022

 -0.183175  -0.343154  -0.921245
  0.318221    0.86595  -0.385831
  0.930152  -0.363834 -0.0494217

Combined Rotation:
   0.99636 -0.0627254 -0.0577288
 0.0644034    0.99754  0.0276788
 0.0558506 -0.0312959   0.997949

Error:
0.090317



  0.606834  -0.144698  -0.781547
  0.139008   0.987456 -0.0748875
  0.782579 -0.0631965   0.619336

  0.838139 -0.0914466  -0.537737
  0.098857   0.994987  -0.015123
  0.536424 -0.0404838   0.842977

  0.948445  0.0202853   0.316291
-0.0353955   0.998486   0.042101
 -0.314958 -0.0511258   0.947728

Combined Rotation:
  0.976491  0.0105981  -0.215297
0.00308423   0.998001   0.063116
  0.215536 -0.0622962   0.974507

Error:
0.226316



     0.8642    -0.45016   -0.224755
    0.43745    0.892925   -0.106403
   0.248588 -0.00636563    0.968588

  0.903069  0.0617867   0.425028
-0.0603285   0.998035 -0.0169037
 -0.425238 -0.0103761   0.905022

Combined Rotation:
 0.361175 0.0920953  0.927939
 0.175491  0.970617 -0.164636
-0.915836  0.222308  0.334401

Error:
1.23121



 -0.183219 -0.0534649  -0.981617
  0.212723   0.972707 -0.0926844
  0.959781  -0.225794  -0.166845

  0.668549  -0.106696  -0.735975
  0.094314   0.993828 -0.0584041
  0.737663 -0.0303667   0.674485

  0.490023  -0.180245  -0.852871
  0.159312   0.980429  -0.115669
  0.857028 -0.0791925   0.509148

-0.0560845  -0.186559  -0.980842
  0.171667   0.965956  -0.193543
  0.983557  -0.179233 -0.0221492

  0.07626 -0.139863  -0.98723
 0.130476  0.982999 -0.129184
 0.988514 -0.118958 0.0932122

Combined Rotation:
  0.812243  0.0370136  -0.582144
-0.0202065   0.999171  0.0353355
   0.58297 -0.0169379   0.812317

Error:
0.623456



  0.742878  -0.362987   -0.56247
  0.323856   0.930231   -0.17259
  0.585875 -0.0539457   0.808604

  0.999714 -0.0100608 -0.0216877
0.00981573   0.999887 -0.0113764
 0.0217997  0.0111602     0.9997

Combined Rotation:
  0.946613   0.135027   0.292732
-0.0678141   0.971141  -0.228662
 -0.315159   0.196603   0.928451

Error:
0.394724



  0.727686   0.122409     0.6749
 -0.119655   0.991514 -0.0508197
 -0.675393 -0.0437747   0.736157

    0.99919 -0.00420653   0.0400135
 0.00345963    0.999819   0.0187172
  -0.040085  -0.0185636    0.999024

Combined Rotation:
  0.755744  0.0276238   0.654285
-0.0478331    0.99877  0.0130825
 -0.653118 -0.0411835   0.756135

Error:
0.714648



  0.490023   0.159312   0.857028
 -0.180245   0.980429 -0.0791925
 -0.852871  -0.115669   0.509148

  0.948445  0.0202853   0.316291
-0.0353955   0.998486   0.042101
 -0.314958 -0.0511258   0.947728

Combined Rotation:
   0.958538 -0.00416258    0.284933
 -0.0073953    0.999193   0.0394755
  -0.284868   -0.039946    0.957734

Error:
0.291782



  0.490023   0.159312   0.857028
 -0.180245   0.980429 -0.0791925
 -0.852871  -0.115669   0.509148

 0.866108 -0.163955 -0.472204
0.0672265  0.974301 -0.214983
 0.495316  0.154454  0.854872

Combined Rotation:
  0.940358  0.0780488   0.331113
-0.0285695   0.988006  -0.151752
 -0.338986   0.133241   0.931308

Error:
0.37683



  0.767081   0.109023   0.632219
 -0.115415   0.992828 -0.0311741
 -0.631084 -0.0490543   0.774162

  0.948445  0.0202853   0.316291
-0.0353955   0.998486   0.042101
 -0.314958 -0.0511258   0.947728

Combined Rotation:
   0.94348  0.0312832   0.329949
-0.0453408   0.998358  0.0349942
 -0.328313 -0.0479764    0.94335

Error:
0.34048



  0.490023   0.159312   0.857028
 -0.180245   0.980429 -0.0791925
 -0.852871  -0.115669   0.509148

  0.601498  -0.167183  -0.781185
  0.156477   0.983572 -0.0900114
    0.7834 -0.0680955   0.617777

Combined Rotation:
   0.999736  0.00323874   -0.022746
 -0.0033636    0.999979 -0.00545328
  0.0227279  0.00552835    0.999726

Error:
0.0236245



   0.610199  -0.0946882    -0.78657
   0.065029    0.995468  -0.0693879
   0.789575 -0.00880947    0.613591

    0.99919 -0.00420653   0.0400135
 0.00345963    0.999819   0.0187172
  -0.040085  -0.0185636    0.999024

 0.245802 -0.600501 -0.760907
 0.384564  0.780982 -0.492115
 0.889771 -0.171654  0.422898

Combined Rotation:
  0.988902 -0.0962522  -0.113178
  0.100234   0.994511  0.0300171
  0.109668 -0.0410282   0.993121

Error:
0.153337



0.0392202  0.216139  0.975574
-0.283911  0.938498 -0.196511
-0.958048 -0.269269 0.0981723

    0.99919 -0.00420653   0.0400135
 0.00345963    0.999819   0.0187172
  -0.040085  -0.0185636    0.999024

Combined Rotation:
  0.908013 -0.0488675   0.416083
 0.0111502   0.995641  0.0926017
 -0.418794 -0.0794441   0.904599

Error:
0.441466



 0.866108 0.0672265  0.495316
-0.163955  0.974301  0.154454
-0.472204 -0.214983  0.854872

  0.948445  0.0202853   0.316291
-0.0353955   0.998486   0.042101
 -0.314958 -0.0511258   0.947728

Combined Rotation:
   0.894638 -0.00901817      0.4467
 -0.0823583    0.979335    0.184716
  -0.439135   -0.202044    0.875408

Error:
0.505999



 0.245802  0.384564  0.889771
-0.600501  0.780982 -0.171654
-0.760907 -0.492115  0.422898

    0.99919  0.00345963   -0.040085
-0.00420653    0.999819  -0.0185636
  0.0400135   0.0187172    0.999024

 0.866108 -0.163955 -0.472204
0.0672265  0.974301 -0.214983
 0.495316  0.154454  0.854872

Combined Rotation:
 0.941203  0.213763 -0.261614
-0.210999   0.97671  0.038957
 0.263849 0.0185339  0.964386

Error:
0.344781



 -0.183219 -0.0534649  -0.981617
  0.212723   0.972707 -0.0926844
  0.959781  -0.225794  -0.166845

  0.668549  -0.106696  -0.735975
  0.094314   0.993828 -0.0584041
  0.737663 -0.0303667   0.674485

  0.490023  -0.180245  -0.852871
  0.159312   0.980429  -0.115669
  0.857028 -0.0791925   0.509148

-0.0560845  -0.186559  -0.980842
  0.171667   0.965956  -0.193543
  0.983557  -0.179233 -0.0221492

  0.717398   -0.14299  -0.681832
  0.132141   0.988872  -0.068347
  0.684017 -0.0410658   0.728309

Combined Rotation:
   0.28851 -0.0857237  -0.953632
-0.0646121   0.991971  -0.108718
  0.955294  0.0929822   0.280655

Error:
1.28641



  0.767081   0.109023   0.632219
 -0.115415   0.992828 -0.0311741
 -0.631084 -0.0490543   0.774162

  0.941244  -0.107926  -0.320018
 0.0897153   0.993422 -0.0711581
  0.325592  0.0382667   0.944736

Combined Rotation:
  0.992113 -0.0111534   0.124853
 0.0192977    0.99775 -0.0642134
 -0.123856  0.0661163   0.990095

Error:
0.141691



     0.8642    -0.45016   -0.224755
    0.43745    0.892925   -0.106403
   0.248588 -0.00636563    0.968588

  0.948445  0.0202853   0.316291
-0.0353955   0.998486   0.042101
 -0.314958 -0.0511258   0.947728

Combined Rotation:
 0.181235  0.126403  0.975283
 0.243079  0.955177 -0.168968
-0.952925  0.267693  0.142385

Error:
1.43094



  0.742878  -0.362987   -0.56247
  0.323856   0.930231   -0.17259
  0.585875 -0.0539457   0.808604

  0.490023  -0.180245  -0.852871
  0.159312   0.980429  -0.115669
  0.857028 -0.0791925   0.509148

-0.0560845  -0.186559  -0.980842
  0.171667   0.965956  -0.193543
  0.983557  -0.179233 -0.0221492

  0.717398   -0.14299  -0.681832
  0.132141   0.988872  -0.068347
  0.684017 -0.0410658   0.728309

Combined Rotation:
 0.938446  0.220884  0.265575
-0.255226  0.961464   0.10221
-0.232764   -0.1637  0.958657

Error:
0.378329



     0.8642    -0.45016   -0.224755
    0.43745    0.892925   -0.106403
   0.248588 -0.00636563    0.968588

 0.118374 -0.200457 -0.972525
 0.168685  0.969235 -0.179247
 0.978536 -0.142832  0.148547

 -0.511675  -0.123291  -0.850287
0.00678906   0.989039  -0.147496
  0.859152 -0.0812425  -0.505229

Combined Rotation:
-0.685381 -0.585954  0.432332
-0.586314  0.796157  0.149567
-0.431844 -0.150972 -0.889224

Error:
2.66644



   0.610199  -0.0946882    -0.78657
   0.065029    0.995468  -0.0693879
   0.789575 -0.00880947    0.613591

     0.8642     0.43745    0.248588
   -0.45016    0.892925 -0.00636563
  -0.224755   -0.106403    0.968588

Combined Rotation:
 0.260299 -0.230281 -0.937665
 -0.15532  0.948507 -0.276061
 0.952953  0.217496  0.211129

Error:
1.35925



-0.0560845   0.171667   0.983557
 -0.186559   0.965956  -0.179233
 -0.980842  -0.193543 -0.0221492

  0.490023   0.159312   0.857028
 -0.180245   0.980429 -0.0791925
 -0.852871  -0.115669   0.509148

0.0392202 -0.283911 -0.958048
 0.216139  0.938498 -0.269269
 0.975574 -0.196511 0.0981723

Combined Rotation:
   0.971315   0.0111655    0.237533
-0.00942761     0.99992 -0.00845126
  -0.237608  0.00596947    0.971343

Error:
0.240206



 -0.183175   0.318221   0.930152
 -0.343154    0.86595  -0.363834
 -0.921245  -0.385831 -0.0494217

  0.903069 -0.0603285  -0.425238
 0.0617867   0.998035 -0.0103761
  0.425028 -0.0169037   0.905022

  0.601498  -0.167183  -0.781185
  0.156477   0.983572 -0.0900114
    0.7834 -0.0680955   0.617777

Combined Rotation:
  0.804971   0.120089  -0.581033
-0.0862616   0.992585  0.0856418
   0.58701 -0.0188183   0.809361

Error:
0.637714



    0.96052   -0.247472   -0.127117
   0.248554    0.968589 -0.00753347
   0.124988  -0.0243594    0.991859

 -0.183219   0.212723   0.959781
-0.0534649   0.972707  -0.225794
 -0.981617 -0.0926844  -0.166845

Combined Rotation:
  0.377107 -0.0449583   0.925078
-0.0636096   0.995205  0.0742968
 -0.923983 -0.0868616   0.372439

Error:
1.18923



  0.941244  0.0897153   0.325592
 -0.107926   0.993422  0.0382667
 -0.320018 -0.0711581   0.944736

  0.903069  0.0617867   0.425028
-0.0603285   0.998035 -0.0169037
 -0.425238 -0.0103761   0.905022

Combined Rotation:
   0.967393   0.0598716   -0.246101
 -0.0561185    0.998176   0.0222418
   0.246984 -0.00770579    0.968989

Error:
0.256518



     0.8642    -0.45016   -0.224755
    0.43745    0.892925   -0.106403
   0.248588 -0.00636563    0.968588

  0.838139   0.098857   0.536424
-0.0914466   0.994987 -0.0404838
 -0.537737  -0.015123   0.842977

Combined Rotation:
   0.509316 -0.00237085    0.860576
   0.147859    0.985367  -0.0847929
  -0.847782     0.17043    0.502213

Error:
1.04899



 0.201417  0.143831  0.968888
-0.201788  0.974036 -0.102647
-0.958495 -0.174835  0.225211

  0.601498   0.156477     0.7834
 -0.167183   0.983572 -0.0680955
 -0.781185 -0.0900114   0.617777

  0.903069  0.0617867   0.425028
-0.0603285   0.998035 -0.0169037
 -0.425238 -0.0103761   0.905022

 -0.183175  -0.343154  -0.921245
  0.318221    0.86595  -0.385831
  0.930152  -0.363834 -0.0494217

Combined Rotation:
 0.745682  0.112444  0.656745
0.0315683  0.978588 -0.203392
-0.665554  0.172398  0.726166

Error:
0.759445



  0.727686   0.122409     0.6749
 -0.119655   0.991514 -0.0508197
 -0.675393 -0.0437747   0.736157

  0.948445  0.0202853   0.316291
-0.0353955   0.998486   0.042101
 -0.314958 -0.0511258   0.947728

Combined Rotation:
  0.896643 -0.0411095   0.440842
 0.0138337   0.997795  0.0649097
 -0.442539 -0.0521024   0.895234

Error:
0.462732



   0.610199  -0.0946882    -0.78657
   0.065029    0.995468  -0.0693879
   0.789575 -0.00880947    0.613591

  0.999714 -0.0100608 -0.0216877
0.00981573   0.999887 -0.0113764
 0.0217997  0.0111602     0.9997

Combined Rotation:
    0.852852  -0.00953695    -0.522066
  0.00835416     0.999954  -0.00461945
    0.522086 -0.000421717     0.852893

Error:
0.549378



  0.717398   0.132141   0.684017
  -0.14299   0.988872 -0.0410658
 -0.681832  -0.068347   0.728309

-0.0560845   0.171667   0.983557
 -0.186559   0.965956  -0.179233
 -0.980842  -0.193543 -0.0221492

  0.490023   0.159312   0.857028
 -0.180245   0.980429 -0.0791925
 -0.852871  -0.115669   0.509148

  0.601498  -0.167183  -0.781185
  0.156477   0.983572 -0.0900114
    0.7834 -0.0680955   0.617777

 0.201417 -0.201788 -0.958495
 0.143831  0.974036 -0.174835
 0.968888 -0.102647  0.225211

   0.51971  -0.184009  -0.834291
  0.223036   0.971888 -0.0754191
  0.824716  -0.146881   0.546141

Combined Rotation:
  0.998191 -0.0167268 -0.0577425
 0.0175522    0.99975   0.013817
  0.057497 -0.0148055   0.998236

Error:
0.0618343



   0.610199  -0.0946882    -0.78657
   0.065029    0.995468  -0.0693879
   0.789575 -0.00880947    0.613591

  0.727686  -0.119655  -0.675393
  0.122409   0.991514 -0.0437747
    0.6749 -0.0508197   0.736157

Combined Rotation:
 0.664801  0.132238 -0.735223
 -0.05731  0.990335  0.126302
 0.744819  -0.04183  0.665954

Error:
0.849252



  0.606834  -0.144698  -0.781547
  0.139008   0.987456 -0.0748875
  0.782579 -0.0631965   0.619336

  0.838139 -0.0914466  -0.537737
  0.098857   0.994987  -0.015123
  0.536424 -0.0404838   0.842977

  0.742878   0.323856   0.585875
 -0.362987   0.930231 -0.0539457
  -0.56247   -0.17259   0.808604

Combined Rotation:
  0.538153 -0.0187832  -0.842638
-0.0856499   0.993358 -0.0768435
  0.838484   0.113525   0.532969

Error:
1.00955



 -0.183219 -0.0534649  -0.981617
  0.212723   0.972707 -0.0926844
  0.959781  -0.225794  -0.166845

  0.668549  -0.106696  -0.735975
  0.094314   0.993828 -0.0584041
  0.737663 -0.0303667   0.674485

  0.490023  -0.180245  -0.852871
  0.159312   0.980429  -0.115669
  0.857028 -0.0791925   0.509148

-0.0560845  -0.186559  -0.980842
  0.171667   0.965956  -0.193543
  0.983557  -0.179233 -0.0221492

   0.969218   -0.166563   -0.181312
    0.16452    0.986021  -0.0263599
   0.183168 -0.00428091    0.983072

Combined Rotation:
  0.998023 -0.0447241 -0.0441611
 0.0412444   0.996194 -0.0767875
 0.0474273  0.0748143   0.996069

Error:
0.0986002



  0.606834  -0.144698  -0.781547
  0.139008   0.987456 -0.0748875
  0.782579 -0.0631965   0.619336

  0.838139 -0.0914466  -0.537737
  0.098857   0.994987  -0.015123
  0.536424 -0.0404838   0.842977

  0.668549   0.094314   0.737663
 -0.106696   0.993828 -0.0303667
 -0.735975 -0.0584041   0.674485

    0.96052    0.248554    0.124988
  -0.247472    0.968589  -0.0243594
  -0.127117 -0.00753347    0.991859

Combined Rotation:
  0.517352 -0.0156804  -0.855629
-0.0207173    0.99931 -0.0308401
  0.855522  0.0336815    0.51667

Error:
1.02784



  0.490023   0.159312   0.857028
 -0.180245   0.980429 -0.0791925
 -0.852871  -0.115669   0.509148

  0.903069  0.0617867   0.425028
-0.0603285   0.998035 -0.0169037
 -0.425238 -0.0103761   0.905022

Combined Rotation:
   0.877524 -0.00201284    0.479528
 -0.0358389    0.996919   0.0697689
  -0.478191  -0.0784097    0.874749

Error:
0.506194



  0.727686   0.122409     0.6749
 -0.119655   0.991514 -0.0508197
 -0.675393 -0.0437747   0.736157

  0.838139   0.098857   0.536424
-0.0914466   0.994987 -0.0404838
 -0.537737  -0.015123   0.842977

Combined Rotation:
  0.995948 -0.0147501  0.0887167
 0.0124079   0.999561  0.0268949
-0.0890745 -0.0256851   0.995694

Error:
0.0938285



 -0.511675 0.00678906   0.859152
 -0.123291   0.989039 -0.0812425
 -0.850287  -0.147496  -0.505229

 0.118374  0.168685  0.978536
-0.200457  0.969235 -0.142832
-0.972525 -0.179247  0.148547

0.0392202 -0.283911 -0.958048
 0.216139  0.938498 -0.269269
 0.975574 -0.196511 0.0981723

Combined Rotation:
   0.64298 0.00261933   0.765878
 -0.106031   0.990669  0.0856288
 -0.758508  -0.136265   0.637258

Error:
0.8822



  0.742878  -0.362987   -0.56247
  0.323856   0.930231   -0.17259
  0.585875 -0.0539457   0.808604

     0.8642     0.43745    0.248588
   -0.45016    0.892925 -0.00636563
  -0.224755   -0.106403    0.968588

Combined Rotation:
  0.866867  0.0084272  -0.498468
-0.0584353   0.994682 -0.0848062
  0.495103   0.102644    0.86275

Error:
0.531299



 0.245802  0.384564  0.889771
-0.600501  0.780982 -0.171654
-0.760907 -0.492115  0.422898

    0.99919  0.00345963   -0.040085
-0.00420653    0.999819  -0.0185636
  0.0400135   0.0187172    0.999024

0.0392202 -0.283911 -0.958048
 0.216139  0.938498 -0.269269
 0.975574 -0.196511 0.0981723

Combined Rotation:
  0.78441  0.175006 -0.595041
0.0641379  0.931338  0.358463
 0.616917 -0.319347  0.719327

Error:
0.770536



 0.201417  0.143831  0.968888
-0.201788  0.974036 -0.102647
-0.958495 -0.174835  0.225211

  0.601498   0.156477     0.7834
 -0.167183   0.983572 -0.0680955
 -0.781185 -0.0900114   0.617777

0.0392202 -0.283911 -0.958048
 0.216139  0.938498 -0.269269
 0.975574 -0.196511 0.0981723

Combined Rotation:
    0.965633 -0.000485303      0.25991
  0.00622189     0.999755   -0.0212492
   -0.259836     0.022136     0.965399

Error:
0.263849



  0.606834  -0.144698  -0.781547
  0.139008   0.987456 -0.0748875
  0.782579 -0.0631965   0.619336

  0.838139 -0.0914466  -0.537737
  0.098857   0.994987  -0.015123
  0.536424 -0.0404838   0.842977

     0.8642     0.43745    0.248588
   -0.45016    0.892925 -0.00636563
  -0.224755   -0.106403    0.968588

Combined Rotation:
0.0643031 -0.153928 -0.985987
-0.175971  0.970801 -0.163034
 0.982293  0.183989 0.0353385

Error:
1.53557



 0.245802  0.384564  0.889771
-0.600501  0.780982 -0.171654
-0.760907 -0.492115  0.422898

    0.99919  0.00345963   -0.040085
-0.00420653    0.999819  -0.0185636
  0.0400135   0.0187172    0.999024

  0.601498  -0.167183  -0.781185
  0.156477   0.983572 -0.0900114
    0.7834 -0.0680955   0.617777

Combined Rotation:
 0.467042  0.295896 -0.833257
-0.232568  0.950276  0.207095
 0.853103  0.097067  0.512634

Error:
1.08719



 -0.183175   0.318221   0.930152
 -0.343154    0.86595  -0.363834
 -0.921245  -0.385831 -0.0494217

  0.903069 -0.0603285  -0.425238
 0.0617867   0.998035 -0.0103761
  0.425028 -0.0169037   0.905022

  0.490023  -0.180245  -0.852871
  0.159312   0.980429  -0.115669
  0.857028 -0.0791925   0.509148

Combined Rotation:
  0.819659   0.110962  -0.562002
-0.0634931   0.992613    0.10338
  0.569322 -0.0490534    0.82065

Error:
0.615541



  0.717398   0.132141   0.684017
  -0.14299   0.988872 -0.0410658
 -0.681832  -0.068347   0.728309

-0.0560845   0.171667   0.983557
 -0.186559   0.965956  -0.179233
 -0.980842  -0.193543 -0.0221492

  0.490023   0.159312   0.857028
 -0.180245   0.980429 -0.0791925
 -0.852871  -0.115669   0.509148

 0.118374 -0.200457 -0.972525
 0.168685  0.969235 -0.179247
 0.978536 -0.142832  0.148547

 -0.511675  -0.123291  -0.850287
0.00678906   0.989039  -0.147496
  0.859152 -0.0812425  -0.505229

Combined Rotation:
  0.645856  0.0846817  -0.758748
-0.0656112   0.996309  0.0553462
  0.760635  0.0140367   0.649028

Error:
0.868992



   0.610199  -0.0946882    -0.78657
   0.065029    0.995468  -0.0693879
   0.789575 -0.00880947    0.613591

  0.767081  -0.115415  -0.631084
  0.109023   0.992828 -0.0490543
  0.632219 -0.0311741   0.774162

Combined Rotation:
  0.592397   0.144241  -0.792629
-0.0604996   0.989029   0.134765
  0.803371 -0.0318809   0.594624

Error:
0.942181



  0.601498   0.156477     0.7834
 -0.167183   0.983572 -0.0680955
 -0.781185 -0.0900114   0.617777

 0.866108 -0.163955 -0.472204
0.0672265  0.974301 -0.214983
 0.495316  0.154454  0.854872

Combined Rotation:
  0.970946  0.0771015   0.226537
-0.0714721   0.996898 -0.0329605
 -0.228375  0.0158118   0.973445

Error:
0.242901



  0.606834  -0.144698  -0.781547
  0.139008   0.987456 -0.0748875
  0.782579 -0.0631965   0.619336

  0.838139 -0.0914466  -0.537737
  0.098857   0.994987  -0.015123
  0.536424 -0.0404838   0.842977

  0.903069  0.0617867   0.425028
-0.0603285   0.998035 -0.0169037
 -0.425238 -0.0103761   0.905022

Combined Rotation:
   0.986428 0.000547022   -0.164191
 0.00814497      0.9986   0.0522605
    0.16399  -0.0528886    0.985043

Error:
0.173214



 0.866108 0.0672265  0.495316
-0.163955  0.974301  0.154454
-0.472204 -0.214983  0.854872

    0.99919 -0.00420653   0.0400135
 0.00345963    0.999819   0.0187172
  -0.040085  -0.0185636    0.999024

Combined Rotation:
  0.996821  0.0701187  0.0378432
-0.0756204   0.982183    0.17204
-0.0251057  -0.174355   0.984363

Error:
0.191692



     0.8642    -0.45016   -0.224755
    0.43745    0.892925   -0.106403
   0.248588 -0.00636563    0.968588

  0.490023  -0.180245  -0.852871
  0.159312   0.980429  -0.115669
  0.857028 -0.0791925   0.509148

-0.0560845  -0.186559  -0.980842
  0.171667   0.965956  -0.193543
  0.983557  -0.179233 -0.0221492

  0.07626 -0.139863  -0.98723
 0.130476  0.982999 -0.129184
 0.988514 -0.118958 0.0932122

Combined Rotation:
 0.540628 -0.202896  0.816428
-0.233941  0.895942   0.37757
 -0.80808 -0.395121  0.436906

Error:
1.11883



  0.999714 0.00981573  0.0217997
-0.0100608   0.999887  0.0111602
-0.0216877 -0.0113764     0.9997

  0.948445  0.0202853   0.316291
-0.0353955   0.998486   0.042101
 -0.314958 -0.0511258   0.947728

Combined Rotation:
   0.990858 -0.00157571    0.134897
0.000497696    0.999968  0.00802477
  -0.134905 -0.00788428    0.990827

Error:
0.135554



   0.969218     0.16452    0.183168
  -0.166563    0.986021 -0.00428091
  -0.181312  -0.0263599    0.983072

-0.0560845   0.171667   0.983557
 -0.186559   0.965956  -0.179233
 -0.980842  -0.193543 -0.0221492

  0.490023   0.159312   0.857028
 -0.180245   0.980429 -0.0791925
 -0.852871  -0.115669   0.509148

 0.118374 -0.200457 -0.972525
 0.168685  0.969235 -0.179247
 0.978536 -0.142832  0.148547

 -0.511675  -0.123291  -0.850287
0.00678906   0.989039  -0.147496
  0.859152 -0.0812425  -0.505229

Combined Rotation:
  0.504131   0.105183  -0.857198
-0.0704982   0.994255  0.0805394
  0.860745  0.0198285    0.50865

Error:
1.04313



     0.8642    -0.45016   -0.224755
    0.43745    0.892925   -0.106403
   0.248588 -0.00636563    0.968588

    0.99919 -0.00420653   0.0400135
 0.00345963    0.999819   0.0187172
  -0.040085  -0.0185636    0.999024

Combined Rotation:
 0.423528  0.189684  0.885801
 0.168113  0.944389  -0.28261
-0.890147  0.268608  0.368086

Error:
1.19394



  0.999714 0.00981573  0.0217997
-0.0100608   0.999887  0.0111602
-0.0216877 -0.0113764     0.9997

  0.668549   0.094314   0.737663
 -0.106696   0.993828 -0.0303667
 -0.735975 -0.0584041   0.674485

Combined Rotation:
   0.969173 -0.00954541    0.246198
 0.00323044    0.999656   0.0260411
  -0.246362   -0.024443     0.96887

Error:
0.250256



   0.969218     0.16452    0.183168
  -0.166563    0.986021 -0.00428091
  -0.181312  -0.0263599    0.983072

-0.0560845   0.171667   0.983557
 -0.186559   0.965956  -0.179233
 -0.980842  -0.193543 -0.0221492

  0.490023   0.159312   0.857028
 -0.180245   0.980429 -0.0791925
 -0.852871  -0.115669   0.509148

  0.601498  -0.167183  -0.781185
  0.156477   0.983572 -0.0900114
    0.7834 -0.0680955   0.617777

 0.201417 -0.201788 -0.958495
 0.143831  0.974036 -0.174835
 0.968888 -0.102647  0.225211

   0.51971  -0.184009  -0.834291
  0.223036   0.971888 -0.0754191
  0.824716  -0.146881   0.546141

Combined Rotation:
    0.832518    0.0163526    -0.553756
-0.000921476     0.999604    0.0281332
    0.553997   -0.0229112     0.832203

Error:
0.5878



     0.8642    -0.45016   -0.224755
    0.43745    0.892925   -0.106403
   0.248588 -0.00636563    0.968588

  0.490023  -0.180245  -0.852871
  0.159312   0.980429  -0.115669
  0.857028 -0.0791925   0.509148

-0.0560845  -0.186559  -0.980842
  0.171667   0.965956  -0.193543
  0.983557  -0.179233 -0.0221492

  0.717398   -0.14299  -0.681832
  0.132141   0.988872  -0.068347
  0.684017 -0.0410658   0.728309

Combined Rotation:
  0.183164 -0.0790726   0.979897
 -0.495842   0.853256   0.161537
 -0.848877  -0.515462   0.117079

Error:
1.49397



 -0.183219 -0.0534649  -0.981617
  0.212723   0.972707 -0.0926844
  0.959781  -0.225794  -0.166845

  0.668549  -0.106696  -0.735975
  0.094314   0.993828 -0.0584041
  0.737663 -0.0303667   0.674485

  0.601498  -0.167183  -0.781185
  0.156477   0.983572 -0.0900114
    0.7834 -0.0680955   0.617777

 0.201417 -0.201788 -0.958495
 0.143831  0.974036 -0.174835
 0.968888 -0.102647  0.225211

   0.51971  -0.184009  -0.834291
  0.223036   0.971888 -0.0754191
  0.824716  -0.146881   0.546141

Combined Rotation:
   0.919202 -0.00691665   -0.393727
 0.00980441    0.999938  0.00532351
   0.393665 -0.00875363    0.919212

Error:
0.404814



 0.245802  0.384564  0.889771
-0.600501  0.780982 -0.171654
-0.760907 -0.492115  0.422898

    0.99919  0.00345963   -0.040085
-0.00420653    0.999819  -0.0185636
  0.0400135   0.0187172    0.999024

  0.490023  -0.180245  -0.852871
  0.159312   0.980429  -0.115669
  0.857028 -0.0791925   0.509148

Combined Rotation:
  0.639655   0.311183  -0.702856
 -0.156573   0.947966    0.27721
  0.752546 -0.0672708   0.655094

Error:
0.900322



     0.8642    -0.45016   -0.224755
    0.43745    0.892925   -0.106403
   0.248588 -0.00636563    0.968588

  0.490023  -0.180245  -0.852871
  0.159312   0.980429  -0.115669
  0.857028 -0.0791925   0.509148

-0.0560845  -0.186559  -0.980842
  0.171667   0.965956  -0.193543
  0.983557  -0.179233 -0.0221492

   0.969218   -0.166563   -0.181312
    0.16452    0.986021  -0.0263599
   0.183168 -0.00428091    0.983072

Combined Rotation:
  -0.322455 -0.00184118    0.946583
  -0.513663    0.840299   -0.173346
  -0.795093   -0.542121   -0.271904

Error:
1.95738



  0.941244  0.0897153   0.325592
 -0.107926   0.993422  0.0382667
 -0.320018 -0.0711581   0.944736

  0.999714 -0.0100608 -0.0216877
0.00981573   0.999887 -0.0113764
 0.0217997  0.0111602     0.9997

Combined Rotation:
  0.973523  0.0110287   0.228321
-0.0218897   0.998743  0.0450912
 -0.227537 -0.0488953   0.972541

Error:
0.235475



 -0.183175   0.318221   0.930152
 -0.343154    0.86595  -0.363834
 -0.921245  -0.385831 -0.0494217

  0.903069 -0.0603285  -0.425238
 0.0617867   0.998035 -0.0103761
  0.425028 -0.0169037   0.905022

  0.727686  -0.119655  -0.675393
  0.122409   0.991514 -0.0437747
    0.6749 -0.0508197   0.736157

Combined Rotation:
   0.950742 -0.00171394    -0.30998
 0.00473167    0.999948  0.00898364
   0.309948  -0.0100078    0.950701

Error:
0.315326



  0.767081   0.109023   0.632219
 -0.115415   0.992828 -0.0311741
 -0.631084 -0.0490543   0.774162

  0.903069  0.0617867   0.425028
-0.0603285   0.998035 -0.0169037
 -0.425238 -0.0103761   0.905022

Combined Rotation:
  0.539791 -0.0110948   0.841726
-0.0652874    0.99635  0.0550011
 -0.839264 -0.0846432   0.537096

Error:
1.00437



   0.610199  -0.0946882    -0.78657
   0.065029    0.995468  -0.0693879
   0.789575 -0.00880947    0.613591

 0.866108 -0.163955 -0.472204
0.0672265  0.974301 -0.214983
 0.495316  0.154454  0.854872

Combined Rotation:
 0.907667 -0.303811  -0.28955
 0.238511  0.941078 -0.239758
 0.345331   0.14856  0.926648

Error:
0.478478



  0.717398   0.132141   0.684017
  -0.14299   0.988872 -0.0410658
 -0.681832  -0.068347   0.728309

   0.969218   -0.166563   -0.181312
    0.16452    0.986021  -0.0263599
   0.183168 -0.00428091    0.983072

Combined Rotation:
   0.88393 0.00225215   0.467614
0.00895714   0.999723 -0.0217466
 -0.467534  0.0234109   0.883665

Error:
0.487175



     0.8642    -0.45016   -0.224755
    0.43745    0.892925   -0.106403
   0.248588 -0.00636563    0.968588

  0.668549   0.094314   0.737663
 -0.106696   0.993828 -0.0303667
 -0.735975 -0.0584041   0.674485

    0.96052    0.248554    0.124988
  -0.247472    0.968589  -0.0243594
  -0.127117 -0.00753347    0.991859

Combined Rotation:
 0.883454 -0.142111  0.446446
 0.033556  0.969634  0.242247
-0.467315 -0.199033  0.861396

Error:
0.540908



  0.601498   0.156477     0.7834
 -0.167183   0.983572 -0.0680955
 -0.781185 -0.0900114   0.617777

  0.767081  -0.115415  -0.631084
  0.109023   0.992828 -0.0490543
  0.632219 -0.0311741   0.774162

Combined Rotation:
   0.999211 -0.00586339   0.0392843
 0.00516099    0.999825   0.0179576
 -0.0393827  -0.0177407    0.999067

Error:
0.043558



  0.948445 -0.0353955  -0.314958
 0.0202853   0.998486 -0.0511258
  0.316291   0.042101   0.947728

  0.838139   0.098857   0.536424
-0.0914466   0.994987 -0.0404838
 -0.537737  -0.015123   0.842977

Combined Rotation:
  0.989758 -0.0172329   -0.14171
 0.0141864   0.999647 -0.0224803
  0.142048  0.0202397   0.989653

Error:
0.144841



 0.866108 0.0672265  0.495316
-0.163955  0.974301  0.154454
-0.472204 -0.214983  0.854872

  0.903069  0.0617867   0.425028
-0.0603285   0.998035 -0.0169037
 -0.425238 -0.0103761   0.905022

Combined Rotation:
 0.945515  0.139979  0.293949
-0.183723  0.974769  0.126775
-0.268787 -0.173873  0.947376

Error:
0.365822



  0.490023   0.159312   0.857028
 -0.180245   0.980429 -0.0791925
 -0.852871  -0.115669   0.509148

  0.767081  -0.115415  -0.631084
  0.109023   0.992828 -0.0490543
  0.632219 -0.0311741   0.774162

Combined Rotation:
    0.99995 -0.00575102  0.00816981
 0.00568909    0.999955  0.00758386
-0.00821305   -0.007537    0.999938

Error:
0.0125294



  0.903069 -0.0603285  -0.425238
 0.0617867   0.998035 -0.0103761
  0.425028 -0.0169037   0.905022

  0.838139   0.098857   0.536424
-0.0914466   0.994987 -0.0404838
 -0.537737  -0.015123   0.842977

Combined Rotation:
  0.991007 -0.0134008  -0.133139
 0.0121384   0.999873 -0.0102893
   0.13326 0.00858067   0.991044

Error:
0.134548



   0.610199  -0.0946882    -0.78657
   0.065029    0.995468  -0.0693879
   0.789575 -0.00880947    0.613591

  0.948445  0.0202853   0.316291
-0.0353955   0.998486   0.042101
 -0.314958 -0.0511258   0.947728

Combined Rotation:
  0.969754 0.00676073  -0.243992
-0.0100004   0.999877 -0.0120415
  0.243881  0.0141173   0.969703

Error:
0.246932



   0.610199  -0.0946882    -0.78657
   0.065029    0.995468  -0.0693879
   0.789575 -0.00880947    0.613591

  0.838139   0.098857   0.536424
-0.0914466   0.994987 -0.0404838
 -0.537737  -0.015123   0.842977

  0.606834   0.139008   0.782579
 -0.144698   0.987456 -0.0631965
 -0.781547 -0.0748875   0.619336

Combined Rotation:
   0.9758  0.194439 -0.100034
-0.154771  0.937332  0.312177
 0.154465  -0.28914  0.944743

Error:
0.379263



     0.8642    -0.45016   -0.224755
    0.43745    0.892925   -0.106403
   0.248588 -0.00636563    0.968588

  0.601498  -0.167183  -0.781185
  0.156477   0.983572 -0.0900114
    0.7834 -0.0680955   0.617777

 0.201417 -0.201788 -0.958495
 0.143831  0.974036 -0.174835
 0.968888 -0.102647  0.225211

   0.51971  -0.184009  -0.834291
  0.223036   0.971888 -0.0754191
  0.824716  -0.146881   0.546141

Combined Rotation:
 0.601599  0.231661  0.764468
-0.453689  0.886774  0.088307
-0.657453 -0.399956  0.638584

Error:
0.972206



   0.610199  -0.0946882    -0.78657
   0.065029    0.995468  -0.0693879
   0.789575 -0.00880947    0.613591

  0.941244  -0.107926  -0.320018
 0.0897153   0.993422 -0.0711581
  0.325592  0.0382667   0.944736

Combined Rotation:
  0.989242 -0.0211669  -0.144752
0.00606794   0.994562  -0.103965
  0.146165   0.101968   0.983991

Error:
0.179699



 0.201417  0.143831  0.968888
-0.201788  0.974036 -0.102647
-0.958495 -0.174835  0.225211

  0.601498   0.156477     0.7834
 -0.167183   0.983572 -0.0680955
 -0.781185 -0.0900114   0.617777

  0.490023  -0.180245  -0.852871
  0.159312   0.980429  -0.115669
  0.857028 -0.0791925   0.509148

Combined Rotation:
    0.972971 -0.000929449     0.230927
  -0.0125478     0.998302    0.0568861
   -0.230588   -0.0582461     0.971307

Error:
0.240204



    0.96052   -0.247472   -0.127117
   0.248554    0.968589 -0.00753347
   0.124988  -0.0243594    0.991859

  0.668549  -0.106696  -0.735975
  0.094314   0.993828 -0.0584041
  0.737663 -0.0303667   0.674485

  0.601498  -0.167183  -0.781185
  0.156477   0.983572 -0.0900114
    0.7834 -0.0680955   0.617777

 0.201417 -0.201788 -0.958495
 0.143831  0.974036 -0.174835
 0.968888 -0.102647  0.225211

   0.51971  -0.184009  -0.834291
  0.223036   0.971888 -0.0754191
  0.824716  -0.146881   0.546141

Combined Rotation:
   0.990667    0.135134   0.0177992
  -0.136138      0.9874   0.0806672
-0.00667411  -0.0823375    0.996582

Error:
0.159386



     0.8642    -0.45016   -0.224755
    0.43745    0.892925   -0.106403
   0.248588 -0.00636563    0.968588

  0.668549   0.094314   0.737663
 -0.106696   0.993828 -0.0303667
 -0.735975 -0.0584041   0.674485

Combined Rotation:
 0.0508599 -0.0276177   0.998324
  0.249688   0.968224  0.0140646
  -0.96699   0.248554  0.0561395

Error:
1.53318



  0.07626  0.130476  0.988514
-0.139863  0.982999 -0.118958
 -0.98723 -0.129184 0.0932122

-0.0560845   0.171667   0.983557
 -0.186559   0.965956  -0.179233
 -0.980842  -0.193543 -0.0221492

  0.490023   0.159312   0.857028
 -0.180245   0.980429 -0.0791925
 -0.852871  -0.115669   0.509148

 0.118374 -0.200457 -0.972525
 0.168685  0.969235 -0.179247
 0.978536 -0.142832  0.148547

 -0.511675  -0.123291  -0.850287
0.00678906   0.989039  -0.147496
  0.859152 -0.0812425  -0.505229

Combined Rotation:
   0.969603   0.0340523   -0.242301
-0.00541192    0.993011    0.117898
   0.244622   -0.113003    0.963011

Error:
0.27357



  0.767081   0.109023   0.632219
 -0.115415   0.992828 -0.0311741
 -0.631084 -0.0490543   0.774162

  0.999714 -0.0100608 -0.0216877
0.00981573   0.999887 -0.0113764
 0.0217997  0.0111602     0.9997

Combined Rotation:
     0.98807  -0.00330302      0.15397
-0.000471504       0.9997    0.0244717
   -0.154005   -0.0242523     0.987772

Error:
0.156548



0.0392202  0.216139  0.975574
-0.283911  0.938498 -0.196511
-0.958048 -0.269269 0.0981723

  0.490023  -0.180245  -0.852871
  0.159312   0.980429  -0.115669
  0.857028 -0.0791925   0.509148

Combined Rotation:
   0.989569   0.0166992   -0.143087
 -0.0158208    0.999848  0.00727489
   0.143186 -0.00493526    0.989683

Error:
0.144691



    0.96052   -0.247472   -0.127117
   0.248554    0.968589 -0.00753347
   0.124988  -0.0243594    0.991859

  0.668549  -0.106696  -0.735975
  0.094314   0.993828 -0.0584041
  0.737663 -0.0303667   0.674485

  0.490023  -0.180245  -0.852871
  0.159312   0.980429  -0.115669
  0.857028 -0.0791925   0.509148

-0.0560845  -0.186559  -0.980842
  0.171667   0.965956  -0.193543
  0.983557  -0.179233 -0.0221492

   0.969218   -0.166563   -0.181312
    0.16452    0.986021  -0.0263599
   0.183168 -0.00428091    0.983072

Combined Rotation:
-0.264505 -0.105937  0.958548
-0.279419  0.959732 0.0289641
-0.923018 -0.260175 -0.283455

Error:
1.86932



  0.601498   0.156477     0.7834
 -0.167183   0.983572 -0.0680955
 -0.781185 -0.0900114   0.617777

  0.948445  0.0202853   0.316291
-0.0353955   0.998486   0.042101
 -0.314958 -0.0511258   0.947728

Combined Rotation:
  0.376484 -0.0982103   0.921203
-0.0902104   0.985753    0.14196
  -0.92202  -0.136548   0.362261

Error:
1.20012



 -0.183175   0.318221   0.930152
 -0.343154    0.86595  -0.363834
 -0.921245  -0.385831 -0.0494217

  0.903069 -0.0603285  -0.425238
 0.0617867   0.998035 -0.0103761
  0.425028 -0.0169037   0.905022

    0.99919 -0.00420653   0.0400135
 0.00345963    0.999819   0.0187172
  -0.040085  -0.0185636    0.999024

Combined Rotation:
  0.981282 -0.0402029   0.188333
 0.0268169   0.996965  0.0730933
   -0.1907 -0.0666746   0.979382

Error:
0.20621



  0.742878  -0.362987   -0.56247
  0.323856   0.930231   -0.17259
  0.585875 -0.0539457   0.808604

  0.601498  -0.167183  -0.781185
  0.156477   0.983572 -0.0900114
    0.7834 -0.0680955   0.617777

 0.201417 -0.201788 -0.958495
 0.143831  0.974036 -0.174835
 0.968888 -0.102647  0.225211

   0.51971  -0.184009  -0.834291
  0.223036   0.971888 -0.0754191
  0.824716  -0.146881   0.546141

Combined Rotation:
-0.0369448  -0.226622   0.973282
 -0.453859   0.871509   0.185697
 -0.890307  -0.434873  -0.135052

Error:
1.72161



  0.606834  -0.144698  -0.781547
  0.139008   0.987456 -0.0748875
  0.782579 -0.0631965   0.619336

  0.838139 -0.0914466  -0.537737
  0.098857   0.994987  -0.015123
  0.536424 -0.0404838   0.842977

  0.668549   0.094314   0.737663
 -0.106696   0.993828 -0.0303667
 -0.735975 -0.0584041   0.674485

 -0.183219   0.212723   0.959781
-0.0534649   0.972707  -0.225794
 -0.981617 -0.0926844  -0.166845

Combined Rotation:
  0.683299 -0.0204914   0.729851
0.00487959   0.999712  0.0234997
 -0.730122  -0.012496   0.683202

Error:
0.818788



  0.742878  -0.362987   -0.56247
  0.323856   0.930231   -0.17259
  0.585875 -0.0539457   0.808604

  0.668549   0.094314   0.737663
 -0.106696   0.993828 -0.0303667
 -0.735975 -0.0584041   0.674485

 -0.183219   0.212723   0.959781
-0.0534649   0.972707  -0.225794
 -0.981617 -0.0926844  -0.166845

Combined Rotation:
 0.284707  -0.06396  0.956479
-0.181152  0.976204  0.119201
-0.941343 -0.207205  0.266345

Error:
1.30401



  0.07626  0.130476  0.988514
-0.139863  0.982999 -0.118958
 -0.98723 -0.129184 0.0932122

  0.717398   -0.14299  -0.681832
  0.132141   0.988872  -0.068347
  0.684017 -0.0410658   0.728309

Combined Rotation:
   0.895762 -0.00895295    0.444443
-0.00274772    0.999667   0.0256754
  -0.444525  -0.0242203    0.895439

Error:
0.461392



  0.727686   0.122409     0.6749
 -0.119655   0.991514 -0.0508197
 -0.675393 -0.0437747   0.736157

  0.941244  -0.107926  -0.320018
 0.0897153   0.993422 -0.0711581
  0.325592  0.0382667   0.944736

Combined Rotation:
   0.997874 -0.00810776   0.0646645
 0.00930689     0.99979  -0.0182643
 -0.0645029   0.0188273     0.99774

Error:
0.0678075



-0.0560845   0.171667   0.983557
 -0.186559   0.965956  -0.179233
 -0.980842  -0.193543 -0.0221492

  0.490023   0.159312   0.857028
 -0.180245   0.980429 -0.0791925
 -0.852871  -0.115669   0.509148

  0.601498  -0.167183  -0.781185
  0.156477   0.983572 -0.0900114
    0.7834 -0.0680955   0.617777

 0.201417 -0.201788 -0.958495
 0.143831  0.974036 -0.174835
 0.968888 -0.102647  0.225211

Combined Rotation:
   0.999871   0.0030569  -0.0157495
-0.00269643    0.999735   0.0228579
  0.0158152  -0.0228125    0.999615

Error:
0.0279107



   0.610199  -0.0946882    -0.78657
   0.065029    0.995468  -0.0693879
   0.789575 -0.00880947    0.613591

  0.903069  0.0617867   0.425028
-0.0603285   0.998035 -0.0169037
 -0.425238 -0.0103761   0.905022

Combined Rotation:
   0.965659 -0.00812812   -0.259685
-0.00125095    0.999353  -0.0359314
   0.259809   0.0350224    0.965025

Error:
0.265282



  0.07626  0.130476  0.988514
-0.139863  0.982999 -0.118958
 -0.98723 -0.129184 0.0932122

-0.0560845   0.171667   0.983557
 -0.186559   0.965956  -0.179233
 -0.980842  -0.193543 -0.0221492

  0.490023   0.159312   0.857028
 -0.180245   0.980429 -0.0791925
 -0.852871  -0.115669   0.509148

  0.601498  -0.167183  -0.781185
  0.156477   0.983572 -0.0900114
    0.7834 -0.0680955   0.617777

 0.201417 -0.201788 -0.958495
 0.143831  0.974036 -0.174835
 0.968888 -0.102647  0.225211

   0.51971  -0.184009  -0.834291
  0.223036   0.971888 -0.0754191
  0.824716  -0.146881   0.546141

Combined Rotation:
  0.927392 -0.0338584   0.372556
 0.0187813   0.998854  0.0440256
 -0.373619 -0.0338319   0.926965

Error:
0.385514



